import csv
import os
import sys

# Profiles
# p1 = "0.0312029 0.35282 0.25448 0.28346 0.00649138 0.0150983 0.00109488 0.0324265 0.0229266 "
# p2 = "0.759203 0.0305105 0.00241891 0.00600742 0.00676785 0.034367 0.0105658 0.117565 0.0325949 "
# p3 = "0.00726438 0.0260516 0.340635 0.00152519 0.0195147 0.374055 0.0077196 0.203695 0.0195395 "
# p4 = "0.368196 0.0190693 0.0319179 0.366953 0.0191151 0.11071 0.0127143 0.0466466 0.0246774 "
# p5 = "0.0179573 0.049097 0.000154922 0.764618 0.0277425 0.0173987 0.0660979 0.0047374 0.0521967 "
# p6 = "0.00323446 0.398225 0.0128502 0.0426209 0.0335682 0.0115188 0.00701098 0.0539209 0.43705 "
# p7 = "0.357175 0.201562 0.00447789 0.00787014 0.00262596 0.00879636 0.355586 0.0510066 0.0108997 "
# p8 = "0.423771 0.034258 0.00211753 0.0319399 0.00206064 0.00660799 0.048702 0.00368962 0.446854 "

# Duration
# p1 = "0.0312029 0.35282 0.25448 0.28346 0.00649138 0.0150983 0.00109488 0.0324265 0.0229266 "
# p2 = "0.0438092 0.0188496 0.0281214 0.0499315 0.000273141 0.432242 0.00508051 0.0169589 0.404733 "
# p3 = "0.0179573 0.049097 0.000154922 0.764618 0.0277425 0.0173987 0.0660979 0.0047374 0.0521967 "
# p4 = "0.0333572 0.414917 0.0112833 0.000532368 0.0323085 0.412991 0.0212584 0.0373119 0.0360396 "
# p5 = "0.0128646 0.389581 0.019287 0.00339553 0.00379972 0.00009036 0.148332 0.409602 0.0130482 "
# p6 = "0.0341497 0.0191908 0.00442833 0.209495 0.0585888 0.332769 0.323254 0.00469258 0.013431 "
# p7 = "0.0531136 0.789422 0.0394036 0.0260864 0.0114258 0.0202999 0.0150275 0.0163537 0.0288679 "
# p8 = "0.00323446 0.398225 0.0128502 0.0426209 0.0335682 0.0115188 0.00701098 0.0539209 0.43705 "

# test densities
p1 = "0.0312029 0.35282 0.25448 0.28346 0.00649138 0.0150983 0.00109488 0.0324265 0.0229266"
p2 = "0.398822 0.0249554 0.416722 0.0122136 0.0380123 0.00160992 0.0325432 0.0568721 0.0182488"
p3 = "0.010684 0.0357589 0.780104 0.0242803 0.0613926 0.0562774 0.0129789 0.00574305 0.0127806"
p4 = "0.0438092 0.0188496 0.0281214 0.0499315 0.000273141 0.432242 0.00508051 0.0169589 0.404733"
p5 = "0.00846372 0.0103627 0.0231932 0.0177376 0.403486 0.000767579 0.061275 0.432646 0.0420686"
p6 = "0.759203 0.0305105 0.00241891 0.00600742 0.00676785 0.034367 0.0105658 0.117565 0.0325949"
p7 = "0.0122163 0.0196306 0.383842 0.0941829 0.00695454 0.00673157 0.030299 0.0172981 0.428845"
p8 = "0.00196594 0.0727093 0.000971274 0.0435422 0.035511 0.0122562 0.794551 0.0201347 0.0183588"
p9 = "0.00726438 0.0260516 0.340635 0.00152519 0.0195147 0.374055 0.0077196 0.203695 0.0195395"
p10 = "0.430253 0.0847222 0.0105019 0.00856201 0.415775 0.00423029 0.00249559 0.0208306 0.0226301"
p11 = "0.0108426 0.00719539 0.00304208 0.0616601 0.435922 0.000951899 0.0129165 0.0223255 0.445143"
p12 = "0.368196 0.0190693 0.0319179 0.366953 0.0191151 0.11071 0.0127143 0.0466466 0.0246774"
p13 = "0.0199224 0.00318979 0.324294 0.188128 0.399131 0.0012421 0.0262276 0.0268533 0.0110109"
p14 = "0.0179573 0.049097 0.000154922 0.764618 0.0277425 0.0173987 0.0660979 0.0047374 0.0521967"
p15 = "0.0333572 0.414917 0.0112833 0.000532368 0.0323085 0.412991 0.0212584 0.0373119 0.0360396"
p16 = "0.0128646 0.389581 0.019287 0.00339553 0.00379972 0.00009036 0.148332 0.409602 0.0130482"
p17 = "0.00929419 0.0210842 0.00983161 0.00199297 0.808423 0.0531949 0.0000337 0.0519473 0.0441978"
p18 = "0.0341497 0.0191908 0.00442833 0.209495 0.0585888 0.332769 0.323254 0.00469258 0.0134319"
p19 = "0.0531136 0.789422 0.0394036 0.0260864 0.0114258 0.0202999 0.0150275 0.0163537 0.0288679"
p20 = "0.00377077 0.0456627 0.406635 0.0768452 0.0225842 0.00605926 0.395203 0.0267984 0.0164408"
p21 = "0.00323446 0.398225 0.0128502 0.0426209 0.0335682 0.0115188 0.00701098 0.0539209 0.43705"
p22 = "0.0258769 0.0140246 0.00316205 0.221979 0.00559183 0.0160208 0.020291 0.362284 0.330769"
p23 = "0.00532201 0.0228535 0.0371849 0.0191664 0.0110278 0.0134098 0.0435344 0.00453251 0.842969"
p24 = "0.0176338 0.376509 0.0125054 0.0156455 0.363675 0.00940393 0.175719 0.00993326 0.0189757"
p25 = "0.357175 0.201562 0.00447789 0.00787014 0.00262596 0.00879636 0.355586 0.0510066 0.0108997"
p26 = "0.00271179 0.00912587 0.00107073 0.0627651 0.00713813 0.854546 0.0484254 0.00275076 0.0114662"
p27 = "0.00382178 0.0156427 0.0220541 0.00213684 0.028481 0.0267235 0.418316 0.0396135 0.44321"
p28 = "0.0265174 0.0455925 0.0144216 0.0108894 0.0179354 0.0102103 0.00867097 0.796621 0.0691414"
p29 = "0.423771 0.034258 0.00211753 0.0319399 0.00206064 0.00660799 0.048702 0.00368962 0.446854"

pr1 = "./Profiles/Profile1.dat 1 "
pr2 = "./Profiles/Profile2.dat 2 "
pr3 = "./Profiles/Profile3.dat 3 "
pr4 = "./Profiles/Profile4.dat 4 "
pr5 = "./Profiles/Profile5.dat 5 "
pr6 = "./Profiles/Profile6.dat 6 "
pr7 = "./Profiles/Profile7.dat 7 "
pr8 = "./Profiles/Profile8.dat 8 "
pr9 = "./Profiles/Profile9.dat 9 "

prog1 = "./PMSIRSparam ./PMSIRSparam/"
prog2 = "./PMedgeOpex ./PMedgeOp/"
# prog1 = "./PMpcgTest2ex ./PMpcgTest2/"
# prog1 = "./prof1s30alpha ./PM1pcg/"
# prog2 = "./prof1s40alpha ./PM1pcg/"
# prog3 = "./prof3s30alpha ./PM3pcg/"
# prog4 = "./prof3s40alpha ./PM3pcg/"
# prog5 = "./prof5s30alpha ./PM5pcg/"
# prog6 = "./prof5s40alpha ./PM5pcg/"

# prog1 = "./ED1s30alpha ./ED1pcg/"
# prog2 = "./ED1s40alpha ./ED1pcg/"
# prog3 = "./ED3s30alpha ./ED3pcg/"
# prog4 = "./ED3s40alpha ./ED3pcg/"
# prog5 = "./ED5s30alpha ./ED5pcg/"
# prog6 = "./ED5s40alpha ./ED5pcg/"

d1 = "ps1/ "
d2 = "ps2/ "
d3 = "ps3/ "
d4 = "ps4/ "
d5 = "ps5/ "
d6 = "ps6/ "
d7 = "ps7/ "
d8 = "ps8/ "
d9 = "ps9/ "
d10 = "ps10/ "
d11 = "ps11/ "
d12 = "ps12/ "
d13 = "ps13/ "
d14 = "ps14/ "
d15 = "ps15/ "
d16 = "ps16/ "
d17 = "ps17/ "
d18 = "ps18/ "
d19 = "ps19/ "
d20 = "ps20/ "
d21 = "ps21/ "
d22 = "ps22/ "
d23 = "ps23/ "
d24 = "ps24/ "
d25 = "ps25/ "
d26 = "ps26/ "
d27 = "ps27/ "
d28 = "ps28/ "
d29 = "ps29/ "

dirs = [d1, d2, d3, d4, d5, d6, d7, d8, d9, d10, d11, d12, d13, d14, d15,
        d16, d17, d18, d19, d20, d21, d22, d23, d24, d25, d26, d27, d28, d29]

root1 = "/home/js17sy/projects/def-houghten/js17sy/PM1r/"
root3 = "/home/js17sy/projects/def-houghten/js17sy/PM3r/"
root5 = "/home/js17sy/projects/def-houghten/js17sy/PM5r/"

mid30 = "30alph/"
mid40 = "40alph/"

# densities = [p1, p2, p3, p4, p5, p6, p7, p8]
densities = [p1,p2,p3,p4,p5,p6,p7,p8,p9,p10,p11,p12,p13,p14,p15,p16,p17,p18,p19,p20,p21,p22,p23,p24,p25,p26,p27,p28,p29]
print(len(densities))
profiles = [pr1, pr2, pr3, pr4, pr5, pr6, pr7, pr8, pr9]


with open('table.dat', 'w') as f:
    count = 0
    for x in range(len(densities)):
        if count == 9:
            count = 0
        cmd = prog1 + dirs[x] + profiles[count] + densities[x]
        print(cmd, file=f)
        count += 1

#     for x in range(len(densities)):
#         cmd = prog2 + mid40 + dirs[x] + profiles[0] + densities[x]
#         print(cmd, file=f)

    # for x in range(len(densities)):
    #     cmd = prog1 + mid30 + dirs[x] + profiles[0] + densities[x]
    #     print(cmd, file=f)

#     for x in range(len(densities)):
#         cmd = prog4 + mid40 + dirs[x] + profiles[0] + densities[x]
#         print(cmd, file=f)

    # for x in range(len(densities)):
    #     cmd = prog1 + mid30 + dirs[x] + profiles[0] + densities[x]
    #     print(cmd, file=f)

#     for x in range(len(densities)):
#         cmd = prog6 + mid40 + dirs[x] + profiles[0] + densities[x]
#         print(cmd, file=f)


# with open('table2.dat', 'w') as f:
#     for x in range(len(densities)):
#         for y in range(len(profiles)):
#             cmd = prog2 + dirs[x] + profiles[y] + densities[x]
#             # print(cmd)
#             print(cmd, file=f)

#     for x in range(len(densities)):
#         for y in range(len(profiles)):
#             cmd = prog2 + mid40 + dirs[x] + profiles[y] + densities[x]
#             #print(cmd)
#             print(cmd, file=f)

#     for x in range(len(densities)):
#         for y in range(len(profiles)):
#             cmd = prog3 + mid30 + dirs[x] + profiles[y] + densities[x]
#             #print(cmd)
#             print(cmd, file=f)

    # for x in range(len(densities)):
    #     for y in range(len(profiles)):
    #         cmd = prog4 + mid40 + dirs[x] + profiles[y] + densities[x]
    #         #print(cmd)
    #         print(cmd, file=f)

    # for x in range(len(densities)):
    #     for y in range(len(profiles)):
    #         cmd = prog5 + mid30 + dirs[x] + profiles[y] + densities[x]
    #         #print(cmd)
    #         print(cmd, file=f)

    # for x in range(len(densities)):
    #     for y in range(len(profiles)):
    #         cmd = prog6 + mid40 + dirs[x] + profiles[y] + densities[x]
    #         #print(cmd)
    #         print(cmd, file=f)
